<?xml version="1.0"?>
<opencv_storage>
<a_MNK>1.1562830209732056e+00</a_MNK>
<b_MNK>-2.5305496528744698e-03</b_MNK>
</opencv_storage>
