<?xml version="1.0"?>
<opencv_storage>
<m>2.0466790518175013e-03</m>
<b>6.9375635687582166e-03</b>
</opencv_storage>
