<?xml version="1.0"?>
<opencv_storage>
<m>7.1518849145900843e-04</m>
<b>2.7559939509110374e-02</b>
</opencv_storage>
