<?xml version="1.0"?>
<opencv_storage>
<m>5.4662584061568526e-04</m>
<b>2.4147479165869494e-04</b>
</opencv_storage>
